Peso
68.21
67.38
72.29
68.46
59.73
71.4
70.36
70.27
68.1
73.8
66.26
74.04
71.12
70.41
73.73
62.74
76.41
68.36
65.43
68
74.14
78.86
68.07
72.46
65.53
71.2
75.27
70.6
73.4
72.39
70.79
69.81
74.17
75.26
69.98
66.32
66.1
71.92
75
67.54
73.45
68.66
69.67
59.78
65.66
66.29
81.19
60.92
71.91
75.56
70.62
69.22
71.47
63.28
70.43
69.36
76.82
70.24
67.84
71.55
65.84
72.61
66.42
74.41
66.17
58.51
74.51
72.26
68.73
69.47
72.38
86.58
55.64
75.31
62.06
71.72
69.58
69.35
60.85
67.4
63.14
69.85
79.53
62.88
72.4
74.5
76.01
74.62
69.65
78.48
66.95
67.86
72.43
73.77
66.76
70.24
66.3
66.32
70.03
67.98
76.89
66.36
72.79
75.5
70.13
65.03
66.31
64.06
65.92
61.85
70.96
64.31
72.57
60.05
67.87
75.14
69.92
76.91
67.74
67.2
72.17
73.05
69.24
71.56
71.8
75.16
62.18
70.83
65.79
71.65
69.5
73.79
68.72
67.8
64
71.13
69.74
78.84
67.11
75.39
69.89
62.13
74.43
65.3
73.41
76.87
70.74
66.5
74.5
67.71
67.52
73.1
63.34
67.71
71.81
67.81
73.89
59.5
71.26
67.6
67.25
80.01
71.6
68.98
73.56
66.74
71.45
66.87
76.07
70.89
70.36
65
72.3
71.8
69.61
70.08
67.41
66.85
71.18
72.05
72.7
64.26
74.65
69.38
63.93
75.8
72.75
65.95
63.87
70.43
68.4
70.46
69.31
72.67
78.91
71.57
65.77
72.36
69.49
68.58
69.96
78.49
67.66
66.1
68.8
64.37
74.3
71.24
65.38
74.7
69
68.78
69.96
70.83
68.53
64.61
75.94
65.52
70.08
76.83
76.58
74.32
68.83
68.81
68.51
76.19
69.63
71.9
65.55
69.07
69.17
75.4
75.15
73.18
60.98
64.74
71.23
58.86
71.41
67.78
81.88
58.97
61.94
72.43
74.35
61.56
61.18
76.67
67.86
72.62
77.37
57.95
73.08
68.71
66.7
70.08
71.37
67.13
65.36
72.02
69.77
69.61
75.2
81.61
66.89
65.76
63.2
78.79
69.43
77.46
65.96
80.53
64.52
76.27
70.45
71.61
70.43
64.18
68.3
66.89
65.47
70.35
76.6
78.78
69.1
60.73
56.8
74.67
68.79
66.99
64.63
72.91
64.18
77.97
70.7
69.92
75.31
66.97
76.9
71.04
69.51
72.43
69.4
66.66
74.01
65.71
77.91
66.55
75.33
70.1
69.75
64.45
77.1
69.16
68.66
64.74
64.2
71.06
66.99
73.49
74.95
76.9
69.44
74.48
69.1
64.71
77.18
69.89
70.03
70.66
84.33
74.98
68.49
66.34
72.96
66.39
76.52
67.31
68.5
69.67
66.38
62.72
59.63
74.82
74.77
74.91
68.52
75.13
66.13
63.22
66.01
63.73
73.49
77.05
66.5
74.65
54.56
70.22
75.51
70.14
75.71
67.17
74.91
69.61
66.82
72.33
77.68
69.19
66.14
66.35
81.88
64.78
68.86
75.01
64.97
63.45
78.96
74.47
76.25
66.65
68.79
73.11
70.03
62.77
74
71.96
71.97
70.47
72.94
72.15
74.48
69.85
68.95
68.45
79.37
63.84
69.13
67.33
70.53
73.61
66.71
72.64
77.74
58.62
68.79
84.07
71.26
62.13
65.07
63.56
80.11
69.4
71.88
75.54
68.13
67.07
67.95
64.42
75.75
71.92
73.43
68.09
73.29
73.54
68.25
68.6
78.96
67.49
69.95
70.1
70.2
70.48
67.53
61.8
69.07
72.79
70.28
75.82
71.02
66.84
61.57
62.95
72.91
69.37
65.69
81.4
70.16
73.2
71.35
61.22
64.2
73.59
70.53
69.85
64.96
62.81
72.95
70.47
68.96
70.23
68.04
76.25
68.28
69.74
69.58
67.18
72.4
74.27
68.07
79.96
75.59
72.11
59.39
74.21
66.33
64.83
71
73.52
66.66
75.89
70.7
72.73
71.85
68.56
74.44
64.81
63.03
71.08
67.21
72.55
78.88
63.62
64.95
65.63
64.45
72.87
71.09
62.69
79.96
73.35
73.41
78.02
73.53
71.41
66.75
78.98
72.08
68.32
71.43
82.37
68.45
70.45
77.91
64.3
72.89
77.49
70.91
70.81
63.12
75.17
71.7
68.62
66.76
67.67
68.4
67.26
68.6
73.97
67.56
72.99
71.23
76.83
75.84
71.15
63.13
75.63
73.1
77.28
65.51
74.6
68.57
72.08
66.28
77.91
67.42
77.99
71.99
72.97
63.84
64.08
66.78
74.82
63.91
74.44
85.15
68.08
73.17
66.56
66.43
71.66
62.67
66.15
75.66
70.93
64.95
75.76
65.86
71.36
65.55
72.69
58.48
64.47
67.05
76.12
72.21
73.33
78.23
69.55
74.09
80.86
82.27
68.09
66.36
76.57
75.41
74.23
76.63
66.9
66.74
66.75
67.54
71.21
62.58
65.61
64.93
76.64
67.33
76.99
58.24
68.71
64.75
79.14
68.45
74.96
77.75
78.91
63.73
86.89
80.48
71.84
70.09
75.2
62.79
78.86
65.1
75.11
74.14
75.29
73.21
62.13
66.34
72.47
73.8
69.2
67.27
77.05
74.93
55.89
67.24
83.94
77.15
66.2
77.05
61.15
70.74
68.4
67.51
67.66
69.52
64.97
67.04
63.55
65.8
68.2
69.83
74.27
73.19
74.97
71.5
64.33
67.1
71.41
66.44
62.17
67.79
67.57
70.13
68.16
67.91
75.17
68.87
70.53
76.45
69.62
71.24
76.51
75.26
63.08
71.33
70.72
65.86
63.08
69.92
63.64
67.48
69.46
71.81
76.02
65.38
69.68
74.3
69.15
68.08
72.99
64.5
61.23
65.73
74.09
67
63.48
63.75
68.05
65.98
64.63
69.1
77.37
61.67
65.81
71.22
66.07
67.74
69.08
67.73
61.67
62.76
71.01
67.29
83.08
66.36
68.42
66.37
73.34
71.51
66.38
74.13
63.69
62.36
69.53
64.57
75.17
76.82
68.69
71.57
67.43
70.34
70.5
70.26
74.28
77.13
66.23
64.86
77.35
66.67
74.92
68.05
73.02
66.45
64.09
72.04
73.1
66.47
71.21
65.57
62.29
63.62
72.02
69.96
68.14
69.27
67.58
69.31
75.4
70.53
65.24
68.77
69.07
69.69
71.76
73.03
72.58
72
77.33
76.87
67.17
69.34
75.26
67.81
65.85
81.96
78.6
77.29
67.84
76.92
60.06
75.28
66.22
62.82
69.75
68.29
83.27
79.82
73.18
77.71
71.41
61.93
80.99
81.58
67.85
69.41
69.91
64.31
71.55
69.5
76.97
67.57
66.7
66.66
72.56
75.4
79.03
64.05
82.29
72.1
68.29
74.26
67.31
70.98
69.41
64.75
64.59
68.02
69.35
71.87
60.66
79.42
67.29
64.17
62.54
78.67
70.63
64.59
67.61
67.82
83.38
67.83
69.47
74.31
72.78
67.26
73.25
61.92
76.58
65.43
73.84
69.42
67.53
72.88
65.82
66.39
68.3
72.64
73.03
68.86
61.31
72.9
71.93
69.06
70.09
65.87
67.34
76.89
70.06
69.94
69.75
69.76
71.85
61.68
69.6
75.88
69.19
69.65
70.31
70.76
67.78
70.37
70.3
77.19
70.6
73.56
72.49
66.36
82.91
76.56
82.02
70.79
58.02
73.23
65.91
72.89
66.69
70.49
66
70
70.44
73.55
70.1
66.62
74.17
65.14
70.32
62.16
64.06
80.24
73.14
70.8
77.76
67.25
63.4
73.03
68.31
67.62
75.53
70.13
73.7
72.74
67.9
75.01
69.89
70.48
69.61
74.14
77.99
64.67
57.06
68.48
75.92
69.49
63.05
75
63.38
60.1
75.45
76.19
68.07
67.12
66.09
73.75
75.24
68.41
58.33
70.6
79.16
61.66
81.08
70.48
70.42
74.96
74.67
67.58
70.45
66.15
68.21
64.52
68.7
74.54
70.33
66.74
72.55
68.68
61.33
82.02
70.92
73.27
68.3
79.07
71.71
64.35
79.76
69.17
71.11
69.67
69.38
63.63
69.31
76.34
69.62
67.6
70.38
74.39
65.25
62.93
63.5
65.37
78.79
73.35
74.84
64.69
67.12
75.44
60.48
71.97
68.47
79.26
72.44
66.23
71.08
76.17
68.4
70.64
65.14
67.67
62.62
62.07
66.62
64.49
74.42
63.38
76.09
68.44
68.9
76.77
73.37
66.87
60.83
62.97
70.1
65.28
75.95
69.81
69.18
78.62
75.06
71.27
66.59
70.86
67.25
64.89
72.9
67.61
76.01
75.4
63.71
73.18
71.69
68.45
76.36
69.1
80.39
64.61
79.42
73.95
66.5
66.13
71.14
61.01
63.9
75.89
68.65
69.75
71.02
80.66
74.27
67.92
58.28
75.96
78.35
64.15
71.9
81.85
71.6
76.96
68.55
71.9
66.81
70.3
58.97
69.65
70.54
74.05
73.75
74.75
71.28
64.5
69.76
71.09
68.45
71.05
56.1
74.44
65.18
67
68.32
70.82
75.45
74.77
67.35
69.14
78.57
69.84
69.05
80.71
74.55
68.78
53.22
74.05
66.87
61.58
68.18
64.93
80.97
62.37
76.88
66.26
74.6
70.68
55.13
71.91
69.45
64.37
67.17
68.63
70.44
72.45
63.44
77.61
73.25
67.22
68.6
69.44
75.88
62.21
72.57
64.99
69.6
70.17
73.55
69.28
76.39
65.89
66.09
60.09
72.44
64.08
61.27
72.44
74.75
72.6
63.03
74.67
74.61
77.48
69.32
68.91
68.17
68.57
58.88
71.06
66.32
71.31
75.64
69.33
69.98
73.54
77.91
67.7
68.75
59.52
71.33
61.3
63.65
69.14
70.59
69.44
73.56
75.38
72.45
74.97
80.09
73.48
68.79
67.55
64.37
67.04
75.7
78.49
71.95
70.87
73.93
73.82
73.73
72.5
66.35
65.37
73.27
61.48
61.9
62.44
63.58
72.9
68.44
67.43
79.43
72.45
72.81
71.41
80.5
66.15
67.42
71.25
73.83
69.37
62.28
63.31
72.5
69.76
75.51
68.42
71.19
78.78
69.68
70.84
69.57
70.07
75.77
72.64
72.66
76.31
67.63
73.49
72.66
69.37
74.71
66.3
73.47
69.59
69.79
69.11
73.79
65.21
66.42
65.02
76.3
60.45
70.59
77.07
69.66
76.2
71.58
67.59
70.16
74.59
70.71
73.91
62.53
60.24
63.7
68.13
71.55
74.85
69.22
70.63
57.5
62.81
71.41
63.59
75.58
74.1
60.92
71.71
66.25
72.65
73.36
83.63
64.9
67
73.62
68.02
63.54
76.2
66.8
72.54
76.29
77.79
76.71
61.18
81.66
66.86
64.33
73.42
76.42
76.56
70.24
68.42
69.51
69.88
67.27
69.7
75.63
66.2
78.2
73.03
62.81
75.12
56.39
75.59
70.38
70.04
60.19
72.47
75.11
76.2
74.06
72.85
68.54
71.8
74.59
73.04
67.41
66.91
62.51
74.1
63.47
72.47
62.72
78.21
65.32
71.57
67.94
65.81
69.79
75.07
66.07
82.55
72.9
72.13
62.61
74.42
65.03
70.73
61.26
62.02
71.98
67.87
64.54
75.46
73.86
73.76
80.18
60.28
73.03
63.89
77.91
72.03
77.05
67.33
59.47
73.64
76.73
69.14
64.34
68.72
71.09
67.01
66.29
69.99
65.97
66.57
77.22
64.76
67.87
74.5
77.5
67.8
63.93
72.53
64.3
76.43
61
72.99
69.8
76.09
71.92
76.39
72.44
74.26
66.55
68.34
72.31
63.67
63.31
76.53
77.79
69.7
65.98
72.11
74.02
63.32
66.76
72.82
69.42
69.69
70.03
65.5
66.32
65.42
69.62
69.67
69.94
75.76
66.85
68.85
74.96
61.92
63.68
73.72
64.47
79.56
63.42
63
73.94
59.36
74.03
62.34
78.92
64.08
70.6
72.51
63.72
68.68
66.29
66.15
69.29
72.32
66.88
63.64
75.58
62
71.67
65.99
75.95
63.99
73.11
66.98
78.51
61.18
73.92
76.31
60.43
65.56
71.93
64.48
69.67
68.04
73.23
78.7
67.23
67.29
77.86
70.91
74
74.67
64.68
78.3
71.14
77.03
68.56
70.48
65.49
65.49
64.97
69.68
74.9
66.25
75.55
67.28
64.8
64.73
61.22
69.69
59.31
73.42
66.64
73.64
67.23
72.83
67.85
72.29
77.07
66.66
76.31
61.66
75.41
70.85
72.34
64.2
69.96
71.85
73.84
82.99
77.19
70.98
66.85
75.44
74.4
63.63
66.54
80.25
64.67
69.44
75.82
73.2
71.99
66.7
68.61
73.28
65.46
70.26
71.42
67.78
73.6
70.3
62.6
68.64
73.31
71.22
65.3
80.49
72.19
70.97
70.2
70.06
66.53
60.5
74.71
56.37
65.1
76.71
71.31
68.38
62.5
74.76
78.81
78.26
68.78
70.73
72.92
68.27
70.06
78.13
67.06
62.33
71.68
77.03
67.02
68.92
67.07
72.13
71.44
74.34
70.3
72.99
74.73
71.68
72.61
63.89
68.39
70.76
65.07
63.74
74.91
61.47
69.44
76.79
71.36
68.79
71.67
74.4
61.63
69.47
59.92
78.82
72.47
61.98
66.5
70.44
69.83
69.35
72.56
67.47
71.88
76.67
68.48
68.43
63.53
69.61
66.73
65.4
63.33
66.25
80.07
69
82.5
63.47
66.63
64.36
74.05
69.07
71.4
69.27
67.85
68.53
76.42
67.45
75.41
70.16
66.15
73.25
74.73
68.26
71.83
74.93
70.97
71.62
69.57
63.67
75.59
71.86
67.19
68.31
74.59
72.98
72.47
75.65
67.07
65.08
74.2
72.43
64.69
68.37
70.27
65.07
72.61
61.01
72.84
70.08
69.51
72.29
63.56
65.73
71.07
70.76
65.25
68.14
68.24
67.87
76.78
73.42
74.89
67.6
70.87
71.21
62.26
74.39
67.11
73.4
61.98
68.85
75.35
70.9
78.41
71.67
69.39
78.91
68.99
74.89
69.33
75.71
74.51
74.53
67.59
74.89
65.71
79.31
73.17
73.17
71.52
69.2
73.54
69.49
75.29
65.23
67.15
70.77
79.12
66.93
71.86
71.81
74.92
70.4
71.07
70.66
65.1
71.53
68.63
64.03
77.29
73.19
69.77
69.93
76.74
66.42
66.01
75.82
66.74
61.83
65.87
71.83
71.51
68.27
78.49
71.74
77.58
69.1
60.23
73.27
68.03
77.03
70.97
68.7
67.42
73.53
70.6
65.43
68.38
74.07
66.49
65.36
74.39
66.28
71.45
66.48
68.51
66.92
61.35
74.6
70.26
74.23
75.04
70.16
67.23
71.11
68.05
79.93
66.52
75.02
73.98
68.78
72.21
71.41
73.87
65.05
67.09
75.2
72.9
73.96
74.94
71.62
74.3
80.17
74.42
67.71
61.44
73.58
70.35
67.04
78.73
69.34
76.3
73.27
67.79
70.87
66.07
71.28
72.59
69.46
63.63
72.53
79.57
71.07
62.28
66.18
75.52
68.11
73.48
63.47
69.73
69.77
69.65
71.78
74.11
71.79
74.84
70.9
68.4
69.94
67.32
72.02
60.46
74.54
69.33
77.52
73.3
74.49
71.76
77.57
72.18
67.88
81.33
74.14
68.6
63.83
67.34
72.14
68.04
72.27
75.75
67.6
71.4
65.06
75.04
68.37
74.7
70.72
77.45
61.88
71.53
71.93
67.33
74.89
66.09
67.01
68.66
78.7
71
60.97
69.39
64.78
74.78
64.8
70.49
69.94
66.71
71.03
74.49
75.95
71.91
63.9
77.52
75.49
67.48
70.01
65.34
68.74
69.05
68.86
67.67
68.42
65.75
66.21
74.07
66.98
68.75
69.3
64.03
77.7
73
74.13
65.97
74.81
72.07
72.89
70.57
72.15
65.59
68.58
72.72
75.15
63.55
77.26
68.59
71.58
65.17
78.51
68.09
67.83
59.7
64.99
68.32
72.4
77.47
82.56
72.67
69.45
68.23
66.3
64.71
70.26
69.83
69.27
64.23
71.38
70.52
64.67
78.41
72.88
66.13
72.58
72.91
70.85
77.38
72.16
75.22
58.59
65.67
73.59
76.62
74.3
78.1
61.42
71.28
71.93
61.99
70.21
71.36
76.63
73.98
74.57
65.25
76.06
70.87
63.68
62.14
64.41
73.59
74.33
75.6
71.11
73.87
69.45
66.77
62.87
67.16
65.03
63.29
79.6
74.15
77.9
61.07
69.84
69.37
71.11
72.63
69.74
65.82
64.41
73.15
65.4
66.95
72.35
61.26
73.37
63.16
72.46
70.42
63.18
70.27
68.35
70.63
73.31
72.79
68.67
68.55
69.29
65.97
70.18
60.42
80.92
74.11
67.3
71.14
62.99
72.29
71.21
70.07
76.57
68.94
78.75
80.04
75.24
67.57
70.79
73.44
68.11
70.72
76.11
73.05
65.57
76.94
73.89
68.92
65.7
66.77
60.21
74.53
73.63
72.05
64.12
73.3
62.19
68.85