-7.00292553518195
-6.81810742128147
-6.80021034147871
-6.24280615349882
-6.10911132222664
-5.89554022444164
-5.89041118884587
-5.85309645289779
-5.83853809723878
-5.74950899334341
-5.71950431883364
-5.6907713114868
-5.67129450955702
-5.6608114577419
-5.62924938781565
-5.61939760868731
-5.59698844804072
-5.58420135782192
-5.5306522139445
-5.4796643957681
-5.41989134281675
-5.39457014325851
-5.3867298506423
-5.38102915871819
-5.37804085362428
-5.3751873460612
-5.35666843787448
-5.35464652961832
-5.34159975960954
-5.32565360582542
-5.3218632920777
-5.3207806728988
-5.29862773115598
-5.29502760475403
-5.28987554999253
-5.27770565253068
-5.26284920233282
-5.25972568102559
-5.23760067709142
-5.22291577341346
-5.20031339587361
-5.19566809497308
-5.18407161226553
-5.18023445675685
-5.17704664449944
-5.1719985387191
-5.14881967374686
-5.14630232121155
-5.12835356885807
-5.11180842632484
-5.07908095731906
-5.05520975618003
-5.05258704914994
-5.04161234637077
-5.03699844962691
-5.03343405988477
-5.01720421484466
-4.99197789182656
-4.97862363312228
-4.93695258628454
-4.91707325167392
-4.91470240136761
-4.9113450198395
-4.91005414938421
-4.86460579477894
-4.86238346932288
-4.82883070858565
-4.81218758509238
-4.80713525950358
-4.7950029674967
-4.78336211105346
-4.77517762037782
-4.77411993653599
-4.77190065186593
-4.77186802425081
-4.77115627016971
-4.76766553293356
-4.75585461218521
-4.74923733095638
-4.74569854488125
-4.73395441129955
-4.72627692395961
-4.67763342752337
-4.66888232612349
-4.66866707767705
-4.65273037650573
-4.64120993654619
-4.64102775983067
-4.63380509203746
-4.63365581701547
-4.62260787413432
-4.61881762945044
-4.60949490622612
-4.60419512902524
-4.60033924637189
-4.58999410602085
-4.57377472173577
-4.56247910889471
-4.55148487160941
-4.54874678142847
-4.5423611414373
-4.54173723346237
-4.54143764126826
-4.52653757984071
-4.52153314974341
-4.51645576523008
-4.5107672109749
-4.50776880369775
-4.50601266202525
-4.50061118972611
-4.4967585479986
-4.49497887915437
-4.49218541305392
-4.49197113438031
-4.48957479733656
-4.48243310588159
-4.47714028440981
-4.46537898443825
-4.46415470364413
-4.46197928065263
-4.45703199559481
-4.44559418833716
-4.44485311285234
-4.43568399027783
-4.43311785341539
-4.42543521324233
-4.42254371943055
-4.4218584622623
-4.40120531771671
-4.40119259964399
-4.40067930615733
-4.38775914359981
-4.38167032518784
-4.38095077233654
-4.37883713619789
-4.37605195276169
-4.36563751844951
-4.3639120853838
-4.3618238423767
-4.35572043083973
-4.35454221769576
-4.35439207010073
-4.3435496888634
-4.33021747149506
-4.32748219499065
-4.31937853341151
-4.30950891461501
-4.30368028628658
-4.2973896946354
-4.29519735163143
-4.29346513590474
-4.28913501237037
-4.28424798528419
-4.27627049353772
-4.27421270624052
-4.26530067239031
-4.26046252433205
-4.2497710001212
-4.24771266748043
-4.2418739924858
-4.24074266531325
-4.23717072224459
-4.23182526221824
-4.22252798611664
-4.22056463527372
-4.21831224059148
-4.21728789940279
-4.21608950333502
-4.2158004358432
-4.20906883221662
-4.20364011953398
-4.20006471967668
-4.19779898037223
-4.19602179512416
-4.19209539399647
-4.19041486872454
-4.18316466214152
-4.18251427874661
-4.17935268722152
-4.1759440060714
-4.17311291052382
-4.16839672261746
-4.15776490850639
-4.15706092033252
-4.15368660956315
-4.14270987107466
-4.13755127727889
-4.13524637502051
-4.128362974476
-4.12729576871602
-4.12706428266198
-4.12085705410804
-4.11875146313105
-4.11593173339366
-4.11567970401217
-4.11381091223961
-4.11195777160941
-4.10875020199506
-4.1070468339639
-4.10373143522573
-4.09840042003112
-4.09806682814345
-4.09597840384265
-4.08456230699525
-4.08010419590876
-4.07716191306129
-4.07287202939394
-4.07013077420312
-4.06983290879213
-4.06839080071776
-4.06729451313895
-4.06622238564226
-4.06491557560487
-4.059705021466
-4.05817805110282
-4.05547942506556
-4.05544599406557
-4.05127444206192
-4.04648230064755
-4.03215445324167
-4.02085930293772
-4.00609981035672
-4.00407655387954
-4.00406663997963
-3.99522553926755
-3.99477269833336
-3.98884274460033
-3.98664398907486
-3.98393462663344
-3.98272355333036
-3.97891378178702
-3.97192660193925
-3.96386220120122
-3.96070822201712
-3.95815890718822
-3.94093500828133
-3.94058053793336
-3.93995604663584
-3.92088899107153
-3.89941078008239
-3.8946217231098
-3.88855139921122
-3.88456448379123
-3.88366134986935
-3.87677712930864
-3.87335020784346
-3.87277471233576
-3.85829327853076
-3.85132454861815
-3.84907677911794
-3.83798203667587
-3.8341541732697
-3.82254467568173
-3.81866550533246
-3.80752385454297
-3.79333265885046
-3.77693733943704
-3.77603960943323
-3.77169167771709
-3.76978612032437
-3.76850492301928
-3.76846899370065
-3.76800278121071
-3.76722125976064
-3.76440130397929
-3.75863607120045
-3.75605817934625
-3.75502147379183
-3.74054994359042
-3.73452856485121
-3.73127282441939
-3.72922718703413
-3.72456458026979
-3.72045886437139
-3.71949783996278
-3.71838502550642
-3.71059142699372
-3.71037376006828
-3.70508876185902
-3.70481332753925
-3.70405274889771
-3.6981225485759
-3.69543680720104
-3.69088833708167
-3.68919641994492
-3.68842858395582
-3.67296585208783
-3.67192635637256
-3.66988331696349
-3.66468861842645
-3.6603699681876
-3.6550017168989
-3.65101028051523
-3.64630881096604
-3.64574272739379
-3.63585148959946
-3.63373506773735
-3.62966642414039
-3.62109182151668
-3.61494221013784
-3.60795381965361
-3.60757378035398
-3.60464733671613
-3.59999905552584
-3.59789106561902
-3.59620250317123
-3.59426629831407
-3.59220839057898
-3.59090666264383
-3.58912879223592
-3.58067251111552
-3.57629303097228
-3.56861115619322
-3.56707403023041
-3.56260959299001
-3.56036102632532
-3.55984498209411
-3.54699513149424
-3.54526257057081
-3.54248568157523
-3.5263015104552
-3.52501665196667
-3.52352036425674
-3.52047726948089
-3.51640130955922
-3.51543655628744
-3.51502958741122
-3.51392146601747
-3.51208990286799
-3.50369881168473
-3.49875910691372
-3.49797269608238
-3.49765064876224
-3.48756221315591
-3.48485135728967
-3.46988896582415
-3.46770266620207
-3.45990424933002
-3.45414278427684
-3.44413657008443
-3.43075553004703
-3.42463017499838
-3.42210221953804
-3.42092091131121
-3.41975950059513
-3.41912025864717
-3.41815094088261
-3.41665095263053
-3.41187984636566
-3.39707030329549
-3.3959563871842
-3.39427612777704
-3.3942303048177
-3.38963683552614
-3.3892151467255
-3.38213020849212
-3.37917045073408
-3.37803409937343
-3.37793981667549
-3.37719182952699
-3.37675905137584
-3.37551494211021
-3.35681575436522
-3.35595523316419
-3.35216357756149
-3.34782789679142
-3.34465729740495
-3.34203230852565
-3.34129059945028
-3.3396360641587
-3.32833897913889
-3.32345607627482
-3.31964118185867
-3.31928940788596
-3.31743744678022
-3.30625687777459
-3.30469042316931
-3.30293008329627
-3.2962397712653
-3.27783183549412
-3.27695869335081
-3.27077513833964
-3.26789886128712
-3.26097012848109
-3.25379064053019
-3.25310593057274
-3.24150824278309
-3.24000575012774
-3.23703654513618
-3.23431006754896
-3.23392731018619
-3.23145709043747
-3.21767711989086
-3.20790996407023
-3.20431423573559
-3.20009576314656
-3.19786534398649
-3.19769009321897
-3.1964886396189
-3.19218208208708
-3.18970509059352
-3.18594359811675
-3.18456120072552
-3.17785495213139
-3.17002687824559
-3.16463996481735
-3.16447449522936
-3.16002419434348
-3.15848044185581
-3.1570498414318
-3.15571986617533
-3.1509946538516
-3.14458173554771
-3.12999439230778
-3.12969727022542
-3.12170586577906
-3.11715106777435
-3.11628673072411
-3.11382828135068
-3.1081582093524
-3.10612634863257
-3.10479413551318
-3.09999222194832
-3.09809746646547
-3.09727698389218
-3.09343608655739
-3.09186323850972
-3.08479721764903
-3.07879581183377
-3.07469601548014
-3.07121370166388
-3.07006429689054
-3.06913033024237
-3.06281557756818
-3.05911384522192
-3.0586709283216
-3.05438505061555
-3.0477238408296
-3.04055371686166
-3.0398550988163
-3.03864384977483
-3.03201412974726
-3.02944462901299
-3.02353269464913
-3.0211320320232
-3.01949845273037
-3.01914053590863
-3.01104567341307
-3.00919388590483
-3.00504347362046
-3.00442069148951
-3.00191577593951
-3.0009404257988
-3.00060477873347
-2.99960807311844
-2.99775897827375
-2.99742017182715
-2.99222516671044
-2.98939427999831
-2.97913339259882
-2.97887303982461
-2.97444741596713
-2.96188510383372
-2.95496780051868
-2.95458842972781
-2.95248493029025
-2.95026881472381
-2.94526014683839
-2.92335521031368
-2.91719450663474
-2.91513776582994
-2.91500457458487
-2.91390224246879
-2.90123915719061
-2.89902588270239
-2.89809453543729
-2.89529744350082
-2.89102593525793
-2.89086979869549
-2.86311645234245
-2.85778317043678
-2.85534050994422
-2.85412238664694
-2.85346796084847
-2.84934223947898
-2.84752446745142
-2.8391932065694
-2.82938147125725
-2.81635035022281
-2.80661425008843
-2.80553568829064
-2.7936157082492
-2.79024102910064
-2.78545114526597
-2.78110680395702
-2.75550286245922
-2.74997246910218
-2.74824982884592
-2.74741924549999
-2.74650792207484
-2.73431288198
-2.70535205223884
-2.676425821192
-2.67448014518013
-2.65946044968566
-2.6534490677144
-2.65165342983506
-2.64101596719641
-2.63895939196112
-2.63255721758822
-2.62870474777473
-2.62052865306464
-2.61214471612059
-2.60143988483319
-2.60098797399365
-2.59808377795103
-2.58923238382621
-2.58467078271277
-2.58317577655022
-2.5782025844744
-2.56721885203307
-2.54694565561821
-2.54327495494904
-2.53531129681376
-2.53442088025226
-2.52705715585912
-2.52184833615208
-2.49515481617488
-2.49114211932127
-2.48912958821306
-2.48611174889677
-2.48592159630421
-2.48302393502846
-2.47038933479692
-2.46713412097063
-2.46536339009673
-2.46096672016663
-2.45795889887483
-2.438137554519
-2.43788721838756
-2.40294356799117
-2.3992092024159
-2.38742877306026
-2.38002326700326
-2.37191180396754
-2.31804635885034
-2.31262769770081
-2.2960131093978
-2.2894221137249
-2.28648341051666
-2.27943037148744
-2.27044421422804
-2.26362850488336
-2.25276601530035
-2.24065181097557
-2.24042673456642
-2.23277156696047
-2.21407800104802
-2.20042138121662
-2.17358672421506
-2.14276817466356
-2.12956172172567
-2.11885198292965
-2.11649841297576
-2.10544411368502
-2.08440639109531
-2.08158485677433
-2.07012385465143
-2.03471265310573
-2.02646506688167
-2.00454777314839
-2.00419790632936
-2.00321767089546
-2.00311895635655
-1.99078690340675
-1.98787143281259
-1.95703929128605
-1.95144327308366
-1.944191505694
-1.93959671909658
-1.90394353822059
-1.90156129739822
-1.8983624910541
-1.88124078546344
-1.88061084177962
-1.87322081146751
-1.86820282882889
-1.86423266695664
-1.85691238591502
-1.85128373040175
-1.83497776496657
-1.82580395851182
-1.79146734271068
-1.79018067920692
-1.77944671118668
-1.77882268974716
-1.77037995972834
-1.75889035754469
-1.75423212209944
-1.7416793689042
-1.7405338594546
-1.73061474705769
-1.7179650338718
-1.71299888835757
-1.70790820930655
-1.70569515533547
-1.69896969027374
-1.69840537118754
-1.69584884867737
-1.69448155200863
-1.69136257657866
-1.68538899456526
-1.6751148359493
-1.6632080208303
-1.65632101870785
-1.64379144254641
-1.62418417838995
-1.62053240344958
-1.61927824042877
-1.61549778804146
-1.61000433396952
-1.60358087048477
-1.59295802925145
-1.56697737176024
-1.55213282398397
-1.55161982300964
-1.5466605957861
-1.54641434003856
-1.53588657538757
-1.53127949608009
-1.51784341964997
-1.51274910349858
-1.49665640689929
-1.48775186376925
-1.483001313776
-1.47986930100094
-1.47386822689163
-1.4718519629825
-1.45961144325645
-1.42896658672765
-1.42705188425534
-1.42482639029709
-1.42274063229818
-1.41868424615315
-1.41406591646892
-1.41406018298838
-1.40689813767898
-1.40469892294151
-1.40342104805464
-1.39946566494163
-1.3940847995765
-1.38541207197705
-1.38533991104928
-1.37699573931449
-1.358608874103
-1.3482947284774
-1.34549970885294
-1.3258027984664
-1.32462061799834
-1.32397049556308
-1.32327983901994
-1.32182887117694
-1.31730016809052
-1.30376008779491
-1.29844985153776
-1.29597856373171
-1.28286266854711
-1.27996886585551
-1.26958357651577
-1.2686063353819
-1.26394158692967
-1.25977875998353
-1.25720642748127
-1.25591106184993
-1.2553087426405
-1.25510093531554
-1.2398968463099
-1.23785677980725
-1.23241723221285
-1.22673050518546
-1.22511989834785
-1.22459647004389
-1.22392838291138
-1.21451504698113
-1.20793697073774
-1.20780441571447
-1.20709105710918
-1.20492655120172
-1.20231312708929
-1.19388169006877
-1.18347175656462
-1.18053443086056
-1.1780133529556
-1.17338530423732
-1.16802993718782
-1.16659196989743
-1.15580166204783
-1.15475211434402
-1.15189794561489
-1.14973138456907
-1.14956456312541
-1.14815676874665
-1.1457440172012
-1.14419492450425
-1.14127952823363
-1.13631865383937
-1.13464509485644
-1.13329652994305
-1.12874297646521
-1.12345536530123
-1.11920872821287
-1.1163756443674
-1.11095649542568
-1.10830131269875
-1.10238355530838
-1.10172137077333
-1.09767183831275
-1.09668253856221
-1.09541276209775
-1.09505749111379
-1.0920339512552
-1.08803534881775
-1.08747074351554
-1.08591579411278
-1.08581406457772
-1.08293622376415
-1.08036330775457
-1.0751938893394
-1.0732194410034
-1.07066571334668
-1.06513559949657
-1.0644813423631
-1.06037600599911
-1.05538642248115
-1.04907634330348
-1.04819375158787
-1.04743347054253
-1.04665580256013
-1.04645566964965
-1.04441354789773
-1.04185967627561
-1.04152970663668
-1.03732231348332
-1.0341506049473
-1.0341443142453
-1.03357690605408
-1.03109174639737
-1.03086518824887
-1.03002926789798
-1.02978720447179
-1.02779295760704
-1.02214683809807
-1.01814531664903
-1.01570793266734
-1.01210812334842
-1.00764418487379
-1.00480111573446
-1.00452880530853
-1.00296508374768
-1.00082350650677
-0.999595407317464
-0.992415039665274
-0.992091487940691
-0.990309640754283
-0.9851945344881
-0.981763996854569
-0.980678060351579
-0.980619493134604
-0.976374014266699
-0.974644837909925
-0.972934150055093
-0.965836564078473
-0.959500396600492
-0.952969375976147
-0.952741617828018
-0.948119522636256
-0.947403960150227
-0.937039556148992
-0.935010094828755
-0.931951955144893
-0.931595922770772
-0.927713325396017
-0.927080964826146
-0.926788149454688
-0.925311483676066
-0.922300790809984
-0.919488734676897
-0.912575768180937
-0.910923860925381
-0.909525511054501
-0.904867031889721
-0.902375585258146
-0.900762912740073
-0.892448607385889
-0.892414929557772
-0.884355516509929
-0.878757171478135
-0.87826817359089
-0.878021577880977
-0.874049885678884
-0.86980771956135
-0.86360845764858
-0.863509672728229
-0.858801958618583
-0.857139604783225
-0.853235706847205
-0.849234690912216
-0.84454656081981
-0.842008308863928
-0.84178663760022
-0.83904869151289
-0.835759359211788
-0.834441271759291
-0.831731433581468
-0.824477005098574
-0.824036025912866
-0.821486946487524
-0.813831108447709
-0.813631959627908
-0.80776592095491
-0.806747092690421
-0.805834163932154
-0.805546006411709
-0.799862498403604
-0.794128775626271
-0.793765477825012
-0.789839747942609
-0.781643043176212
-0.780859730070079
-0.777718370862455
-0.776692319201582
-0.771332297349256
-0.77108342727018
-0.770849370011453
-0.766893355121372
-0.765463780613283
-0.763909502730929
-0.763468494026108
-0.758282473881259
-0.757028772976549
-0.753804867965841
-0.749855776013395
-0.749482894149143
-0.747704757820132
-0.741033513556451
-0.740884625867389
-0.73933565723563
-0.733418962677185
-0.733126897577176
-0.728742432053893
-0.726159564325757
-0.724346111386033
-0.720178554135552
-0.719353999181766
-0.714625580626249
-0.714471390401267
-0.711191161377043
-0.711069424861318
-0.709560364975558
-0.709310234869255
-0.708754007937058
-0.706393426293861
-0.705773771975452
-0.704209922923029
-0.704153464572744
-0.700534628374079
-0.698199159704677
-0.695896392878706
-0.691897999962059
-0.690089703775282
-0.684757092704726
-0.684296229865768
-0.681928673410826
-0.677554283540604
-0.67436397946944
-0.671543761354075
-0.669272913109015
-0.668937216772847
-0.665866760229579
-0.664428548841329
-0.664087770437862
-0.661362864598405
-0.657810940129119
-0.65567080883172
-0.645141209258566
-0.642797675034574
-0.638320919309124
-0.63778456502315
-0.635782334672143
-0.634019482876746
-0.633294017719591
-0.632598226661613
-0.630824565611583
-0.629805852355927
-0.624752166923438
-0.617315776558505
-0.615844650388807
-0.61173507431411
-0.611132563585744
-0.61019471646809
-0.609658197991093
-0.605732450554929
-0.604244546474611
-0.59726130408564
-0.593018233451324
-0.59290299994288
-0.585386193956506
-0.583410505590868
-0.578244644416116
-0.576278227069846
-0.573936774114929
-0.573623490026524
-0.573450491000644
-0.57336259827202
-0.573011780016738
-0.567619716757379
-0.567276870986387
-0.566780537700557
-0.566240595997989
-0.566233127441061
-0.565514198301681
-0.56326367087067
-0.562336400203353
-0.559494099478011
-0.550224642213464
-0.548997759891658
-0.548258412473834
-0.545833438428193
-0.542465881903735
-0.539054612642499
-0.536682873259483
-0.536042019545707
-0.535587206354251
-0.533208003896186
-0.531723297972235
-0.529767386324262
-0.524050475728661
-0.523674650510977
-0.522623324676718
-0.521940156393293
-0.521400551261595
-0.516269826978896
-0.507318561271698
-0.507054337662627
-0.505959074473793
-0.504132436321906
-0.503813740410071
-0.502676360199297
-0.500166683793665
-0.499373090956958
-0.497780441949338
-0.496397047346156
-0.492536324937306
-0.488313037621257
-0.486883215575679
-0.473556967936157
-0.473258424419499
-0.470094421443937
-0.465953917484028
-0.465470487202269
-0.463070597817795
-0.461116284380958
-0.460724261536864
-0.459985102152539
-0.458390384771358
-0.457340693730222
-0.455246793855084
-0.453417786952546
-0.44994525195401
-0.448589881626256
-0.446686851145308
-0.446624106195626
-0.44659381309383
-0.445652659678313
-0.443335607812677
-0.437772324316902
-0.435214609506849
-0.434684836413569
-0.43187974374286
-0.431147403485982
-0.430277853605352
-0.430255479638383
-0.429530652196689
-0.426380649948252
-0.424597210785158
-0.423841194723117
-0.422071731669323
-0.419066396766131
-0.414813613619901
-0.413999090714651
-0.413580182785822
-0.412762433105935
-0.409822326343855
-0.408810033191947
-0.408243916659939
-0.407616960099643
-0.407272566085594
-0.40660663080973
-0.406419770425897
-0.40592772133793
-0.405042991823848
-0.404169804985541
-0.398822702495023
-0.398597184062937
-0.39695853204029
-0.396637154117653
-0.393845903281819
-0.39373593209298
-0.389899701732684
-0.389097362504115
-0.385908101361261
-0.382909811312321
-0.382583415245704
-0.380464062729131
-0.379999248028127
-0.371911734300581
-0.369029259611686
-0.36799152328556
-0.367024585370394
-0.366786232507522
-0.366747826537695
-0.364100076777633
-0.363631113508652
-0.36212193842309
-0.361135696284409
-0.360270741149751
-0.351954071711081
-0.35091154003336
-0.34974629796648
-0.348291391905302
-0.34650268979735
-0.346179987035551
-0.34515816635952
-0.343501325595196
-0.339016667753014
-0.33799063758344
-0.33671735308345
-0.335578802261772
-0.33062120023614
-0.327604719881756
-0.319292246053716
-0.319219912637828
-0.317207441310348
-0.314819986193301
-0.297910352142849
-0.296490124047059
-0.294450004757614
-0.293497240782996
-0.291488647388595
-0.288962296709926
-0.288078057821249
-0.284368446434927
-0.28210268723205
-0.281659045881514
-0.281588677312445
-0.279346925578449
-0.278375195651751
-0.277496538557191
-0.277425459214139
-0.277309403477016
-0.274964047014715
-0.273786863769049
-0.273597498714089
-0.269741358708083
-0.268349659041258
-0.266438265813955
-0.263523229407462
-0.263300806761155
-0.262098909202086
-0.261136541992004
-0.260139629492677
-0.255877953642948
-0.254663912245328
-0.252018999620489
-0.251597044682826
-0.251383288940444
-0.251286942233148
-0.250281439444682
-0.25003428107173
-0.248448447809698
-0.24631568205345
-0.245423539637997
-0.24391611144969
-0.241673173643341
-0.239158345059573
-0.236119562153485
-0.233989680913616
-0.233776131328768
-0.232735462990042
-0.232562558414724
-0.232528392578846
-0.228690981351928
-0.227509820741042
-0.227261816410988
-0.226419916606409
-0.226041422470486
-0.225734229466143
-0.224518359448217
-0.223048099789145
-0.221917005987077
-0.22143249778199
-0.220917075550926
-0.219248336156042
-0.218497460509392
-0.214056780302068
-0.213883308241092
-0.213523186702202
-0.213419504194856
-0.212036380402637
-0.210014053194698
-0.209939854062814
-0.209883584716067
-0.209574068635909
-0.20625352350882
-0.205939814206273
-0.202670601802707
-0.200330770848571
-0.200320398956281
-0.200018406342409
-0.19918158213705
-0.197485778014415
-0.197291693661546
-0.192755309720846
-0.191256879298976
-0.190218065858958
-0.189137693652097
-0.188731714172181
-0.188012925029022
-0.185733306315925
-0.185558841366196
-0.184666949330256
-0.184638731376445
-0.176933354019149
-0.17522621602202
-0.175098070782025
-0.172728086135206
-0.172087153551451
-0.170077019009988
-0.167531070280569
-0.165205722076639
-0.165027086847965
-0.164950692017615
-0.16491419769102
-0.163757852598157
-0.16361286936969
-0.163459236894552
-0.162615919358942
-0.161414845198393
-0.160877664499769
-0.160034332182805
-0.158951225879668
-0.158731295312229
-0.157400745637718
-0.156505450170393
-0.154681981847544
-0.153374748953957
-0.148637311517835
-0.146312660309933
-0.144221039018273
-0.143376977770276
-0.140376211973305
-0.140218185451887
-0.139553189276185
-0.136178233011493
-0.135489420176303
-0.132726613244625
-0.131853767719746
-0.13130721970515
-0.13065166862251
-0.130512408268524
-0.129329757691601
-0.128315362700156
-0.124999786576987
-0.12498780575982
-0.12366128675841
-0.123628209197682
-0.120977182375642
-0.12072240275189
-0.119422090424064
-0.11845473819995
-0.117832737646275
-0.116946941720329
-0.116701312498071
-0.115926161589323
-0.1150182871107
-0.114915271182622
-0.113157604151793
-0.111511613282256
-0.11037571083786
-0.109325950246895
-0.106868000457822
-0.106692330517059
-0.105934466080985
-0.101022003828627
-0.0979030003690507
-0.0975283459050835
-0.097377675971415
-0.096602092992038
-0.0955776574799182
-0.0930857874612567
-0.092232593184965
-0.0909313031692553
-0.0907045364729476
-0.0892276510476497
-0.0891337785644813
-0.0887619572354672
-0.0873153393924431
-0.085193609926229
-0.081920679924224
-0.0805144340110779
-0.0791734451559269
-0.0753959683311871
-0.0748492648586058
-0.0694356332746679
-0.0685871237610753
-0.0683172822876094
-0.0651337559166972
-0.0646778169440268
-0.0633724764322988
-0.0628889017278484
-0.0605560316319204
-0.0603964990571359
-0.0594019256492666
-0.0588363565365321
-0.0582948679419316
-0.0580033958032902
-0.0568068481258972
-0.0545624649522072
-0.0525649336287478
-0.0511514529079863
-0.0507628389165901
-0.0499282615252327
-0.0490740553819412
-0.0486495111607074
-0.0464931553783551
-0.046100896706204
-0.0450796803020727
-0.040085255079808
-0.0387426228770709
-0.0366764546492921
-0.0365257538228369
-0.0340106430770038
-0.0333036005106982
-0.0313770432744215
-0.0312249398791594
-0.0307446531081457
-0.0301023632999514
-0.0278429051174485
-0.0275849569448887
-0.0259097196056151
-0.0244321997736496
-0.0227251678538879
-0.0224680069930101
-0.0220290104068304
-0.0217731561994286
-0.0195210304036308
-0.0185175471596542
-0.0177305173065227
-0.016408756135395
-0.0155160641864715
-0.0114081116539802
-0.0111861398614922
-0.0111336575614556
-0.0103706327936707
-0.0093262005470243
-0.0090079252469419
-0.00462853557236904
-0.00294041261137592
-0.00224556121409423
-0.00218397392643723
-0.000443675791694956
0.000168270156465811
0.000935107583040205
0.00153048611944779
0.00186764028015327
0.00281855768895681
0.00306609501444383
0.00385332228379009
0.00734965651140982
0.00981859266935055
0.00992408228839548
0.0106275183447082
0.0127238057988032
0.0132693158488161
0.013665759786013
0.0165558773884999
0.0168746782125256
0.021444006168914
0.0223906547728624
0.0239546013780966
0.0253865116333238
0.025842191787467
0.0258672835049511
0.0258683141585049
0.0289032741186814
0.031712225930969
0.0326638269307774
0.0337851845165993
0.0361788448888191
0.0362133752154282
0.0374667582252136
0.0376977732896857
0.0388528913723424
0.0396691936437119
0.0409741415047344
0.046084053470497
0.0462107786751177
0.0474601265081289
0.0476160676838255
0.0498602772534267
0.0515772069049837
0.0526256987052079
0.0542003424976571
0.0552505370618537
0.0554590055110354
0.056253057170883
0.0585392464030976
0.0593918549685719
0.0598840573935044
0.0605134888484296
0.0620634118711573
0.06288964850606
0.065278557594228
0.0670419570931752
0.0671078087362579
0.0703999628917749
0.0705587749527293
0.0717625707544993
0.0755426490662352
0.0763559090275432
0.076795996199705
0.0774570777502471
0.0790842973995612
0.0811255505756881
0.0821896216964201
0.0847872613152617
0.0851717097683802
0.0874862925322794
0.0874989268332613
0.0890283590583917
0.0901341978498871
0.0914824698439129
0.0917100554989904
0.0944170971341664
0.0951659340671176
0.101085702335227
0.101150961714694
0.102570467457042
0.102883240259792
0.104890765612518
0.105390817822773
0.105695788605189
0.107226528196061
0.108862125390098
0.109534034178527
0.109546667683959
0.11166250118829
0.115022905457577
0.115507368065641
0.116985198449539
0.117117092596079
0.11764474006956
0.118859041141997
0.11973538951249
0.120417635068038
0.120737192023761
0.120806501221445
0.121733963066797
0.124354845466618
0.126524762879371
0.126577093861693
0.126657426676528
0.129376735829944
0.131167725235926
0.133469779189262
0.135350860680392
0.135402875411941
0.136091882623637
0.137428227617004
0.140663131920528
0.140705751107882
0.14125203112225
0.142042790539019
0.143831281472996
0.144007887421023
0.145443602765282
0.145935181616954
0.147955356601593
0.148562350000228
0.149301391047852
0.149720558849679
0.150250885025014
0.151628287192897
0.151659089953895
0.152995260908839
0.153719551133818
0.154573537812294
0.155621603863284
0.155750040226253
0.157196062887478
0.158890434936078
0.162139846580627
0.162549378361685
0.16396274084134
0.165954047930018
0.166096569604434
0.166536254566977
0.168003004735525
0.16937846774601
0.171737177713063
0.171868437071407
0.172222453361794
0.172765082047891
0.173765059613914
0.174104819883603
0.174320341318961
0.175070523855559
0.175245780473687
0.175919115224383
0.17640820404848
0.176464321433664
0.177633515450882
0.17806891704808
0.179479973312158
0.179656833716127
0.18013875023035
0.18182601546401
0.18275563770416
0.182775696310028
0.184439176246285
0.185606877180505
0.189112005158034
0.189179432312351
0.192346372612137
0.193579227884196
0.193721596242242
0.194809480345577
0.195630321913672
0.196521679373374
0.196995308302634
0.197012279971449
0.198590728420899
0.199707940392759
0.201129385773772
0.201195459738556
0.202196264638299
0.205104297892447
0.208721250899473
0.208727123612991
0.209105122587101
0.210211956211626
0.211229959708342
0.211379655408685
0.211455800108454
0.211672592753882
0.212764979959078
0.216227654115366
0.217016074109904
0.217114487590218
0.219765714924559
0.220748912219102
0.225442131954016
0.225662620426383
0.227852408969805
0.228003246350088
0.228178069832175
0.229183894479368
0.229295800029477
0.230340791991191
0.230476922922278
0.230479271729816
0.23184146654212
0.232697993056974
0.233847628026358
0.235219590806204
0.23593809718046
0.23848699499384
0.239775336679091
0.241932690307142
0.242680609355684
0.244243998341455
0.246651682185235
0.247773546486675
0.249190106357327
0.251055354000617
0.25536772359522
0.256677491287841
0.256891159994617
0.257762483160363
0.257807858744693
0.259751608957401
0.260796054710926
0.262797795075549
0.264293856849663
0.26727245435997
0.268050025340759
0.270158524017896
0.270450769994201
0.271835617796196
0.274483850160468
0.274490531552981
0.274593787871878
0.274612142702452
0.274985331918166
0.275630048294538
0.276682437605945
0.278063522630937
0.279233952103816
0.279298293121247
0.279382097519727
0.279606149337804
0.280499320591924
0.280842904666617
0.281316684281489
0.281980036325088
0.282600994598491
0.282782259715938
0.28382211273208
0.283894634180737
0.286035106610756
0.286038780624781
0.286389579187956
0.287097084616316
0.287316519414797
0.28808095645216
0.288218255616929
0.288365909086702
0.288439022132242
0.288796482528025
0.288810015964178
0.289457308472275
0.29011209671743
0.291963205667966
0.293165342764189
0.293830597515411
0.294893205915603
0.297539825437269
0.29836508714035
0.298453919550138
0.299917797109035
0.300790265271525
0.304245634381119
0.305444797203282
0.305572343433461
0.306115319964534
0.310207856945794
0.312597290234106
0.314019835789483
0.314026050002996
0.3151831991566
0.318427153371855
0.319154183584235
0.319289723239215
0.320500885239395
0.322200709224398
0.32485547467922
0.325103042632526
0.325619063769303
0.326065079284528
0.326496596758445
0.327925832098227
0.328502497535556
0.329631388224099
0.329806351122634
0.329997739180019
0.331170066041474
0.331787758180649
0.332156661443497
0.333132886588331
0.338281662723167
0.33829539091523
0.339236345212294
0.340477657804601
0.341013331297656
0.343586118022643
0.344667262672537
0.344682802730742
0.346135618513523
0.346233830603674
0.346984798440245
0.347680550112452
0.347783257574548
0.351323731825759
0.351733433131361
0.352193402395283
0.352598336477984
0.352879490689205
0.352921268553947
0.352968591842309
0.353443997975668
0.353519570232714
0.355518889678373
0.3558317012117
0.356328100744755
0.357546056060639
0.357782702930353
0.358997048516614
0.359814597546346
0.360448985637928
0.361217815494677
0.361649385306324
0.362585522185558
0.363109311623264
0.363820230130015
0.36666589320061
0.366720920757424
0.366889600814952
0.367016353783058
0.368603775204609
0.368917812886698
0.370101900071858
0.371718839942233
0.372946803841772
0.373573190203941
0.373858795428916
0.373921614710141
0.374440512618454
0.374761967623829
0.375202357714507
0.375484498182596
0.376170046162093
0.376955997940947
0.377095631100193
0.378826238078844
0.379973405036903
0.383020988636595
0.383296138502699
0.384611541476696
0.385140208370476
0.38547870645123
0.385719006505293
0.387044165717673
0.387247939338368
0.387529575423217
0.388548984456716
0.389509495315109
0.391669507078477
0.392985301822929
0.39465603520865
0.39656083525636
0.396782312781695
0.39724173857653
0.397624828500926
0.399997577951106
0.40031228476325
0.400397538839905
0.401241486372715
0.402179737339709
0.402980395127601
0.403022568792023
0.403118811743914
0.403896313000309
0.40414314003883
0.404542763516089
0.404555424872705
0.405266152651065
0.405572763920169
0.407521399037866
0.41063260490132
0.412594401198201
0.412684510641055
0.412773765493662
0.417092567116777
0.419548840387737
0.420053321412092
0.42025917819599
0.42099316688661
0.421252175216249
0.42206337473633
0.423772292924557
0.425065938052982
0.426972643550315
0.427427951252517
0.428027154558675
0.431519319773118
0.431957541876427
0.432347734530899
0.432390511062386
0.432408034069807
0.433398672784593
0.433488284628466
0.433681643817464
0.436286375696519
0.436465901605149
0.436798980892676
0.436959275590919
0.437637166297575
0.437948535892103
0.439446105524744
0.442097762823415
0.442852586490799
0.443211036122913
0.443580816052662
0.444067328045196
0.444782815801876
0.445626673652758
0.445933861369097
0.446321767189961
0.446571061499787
0.446596948029828
0.447264072759168
0.448557379175413
0.449185091715696
0.450502585769823
0.451586857920657
0.452187850746797
0.452471650180544
0.452903030121393
0.452991225992861
0.454056226046839
0.454408942599798
0.455147723828153
0.455642564098189
0.45778055339569
0.458224015868972
0.458373087343389
0.46356441667499
0.465154501785183
0.466156798331401
0.466647770220658
0.467694192352623
0.468738740797215
0.471053513316037
0.471139616523555
0.471886837345157
0.475170160262498
0.475880055149664
0.476146796371647
0.476853950882156
0.476875028616377
0.479723541433095
0.480289623592763
0.486008608802635
0.486677655197599
0.486867195057906
0.487346778231583
0.487497400306513
0.487972904951846
0.492839975473452
0.493257501397923
0.493643273618641
0.494003158974253
0.496131907321156
0.498097525573735
0.498753314627403
0.499968829864296
0.501444241641806
0.501566343210655
0.503250562684148
0.504324555962979
0.504667464125822
0.506108039544255
0.506144377235945
0.508178120894201
0.509154645039839
0.510461268774275
0.511794252204279
0.513912031461971
0.514005212368315
0.514652353135784
0.518233663044689
0.518258210427313
0.519802383590787
0.522164515057344
0.526577093770896
0.527426857434814
0.527934087004465
0.534472456384243
0.535374246823754
0.537002116604415
0.537327228969043
0.539797966913059
0.540454647821414
0.540759540157443
0.541310616592867
0.543537269245629
0.545226662486764
0.54632111426664
0.547770945055303
0.548253362003765
0.548510666118546
0.548688278527695
0.548995848104578
0.550166297276037
0.550916072067041
0.551101863255773
0.552050008095108
0.553044381183685
0.553290304707692
0.55421619271956
0.554861533078509
0.555924049647478
0.556108172962741
0.55719360707069
0.557680562749163
0.558048633227846
0.558638661713501
0.558929142616044
0.559294521399716
0.561319768602651
0.561850906889368
0.561890352921578
0.563416653762106
0.563813527148088
0.56426901555204
0.564921250153096
0.568515758887848
0.570612712750505
0.572634068986348
0.57270340676215
0.573719653105578
0.574590587537598
0.574669904981311
0.575016911375874
0.575044297422679
0.576535132149377
0.577093439753315
0.578431826398355
0.578711571320494
0.579423323122581
0.580494307968579
0.581093642155546
0.582154271882952
0.582446793614671
0.582749383502038
0.584553442090731
0.587891926008887
0.587908054997131
0.588815335420024
0.589388141101422
0.593092953218498
0.593289938323224
0.595748513645208
0.596543795904503
0.597140980574401
0.597295315504691
0.598157043413726
0.600461433447406
0.603221154629808
0.60381625310369
0.608125139146453
0.611280863674952
0.611369675086615
0.61238533924422
0.616853220298989
0.617181060534826
0.618179646920953
0.61833159572375
0.618923859264186
0.620231448738811
0.621058234697248
0.621450271203818
0.621697855862561
0.623073540098197
0.623894015152708
0.624314555565186
0.628882440932298
0.629874501222783
0.630495136475568
0.631143250405003
0.631167899388244
0.632094928616355
0.632285447482433
0.634779213779722
0.635998325610817
0.636643973140142
0.637425736518035
0.639592893346637
0.64050385128964
0.641684087422864
0.642859821009687
0.645484532854961
0.646351729551721
0.647265673560461
0.647879604386517
0.64791817673097
0.648263842999583
0.650068198075674
0.650866591782497
0.65100195790552
0.651356467419995
0.651397708056359
0.654334641781122
0.655882252928279
0.656531838136813
0.657415032975196
0.65811177329507
0.658360544585414
0.66193615350605
0.664129638068697
0.664631440837266
0.665654633557424
0.666138139850362
0.666816834990584
0.667807471165695
0.667937080466477
0.66831918378773
0.671875234075249
0.672468316817026
0.673801004419772
0.673844224670801
0.674555744660002
0.67506205745865
0.67586966604268
0.67604633451205
0.676182711799697
0.67639774142236
0.677203018531841
0.679164280073431
0.679193456974829
0.680561824067179
0.680769727516464
0.681385313286938
0.682427221720206
0.682438154281115
0.682934624680832
0.684363805992452
0.684413037825759
0.684492045005112
0.684576104816961
0.685816751830401
0.685955920379173
0.68729609849208
0.689719565552043
0.690672102806742
0.692003076997345
0.692842847844907
0.693910688445251
0.694273208486208
0.694457295090703
0.694821880070724
0.695095752921804
0.696268734852305
0.696351642726346
0.698104323504078
0.700542205498312
0.700604726987435
0.701119072979497
0.705394827492689
0.705793937279174
0.706441260631004
0.706630577815132
0.706706347738836
0.708155261058732
0.709139607458885
0.709381411526159
0.710053540327235
0.712930343190038
0.717257141730446
0.718645576348288
0.718826176133279
0.718836651780154
0.719729796464735
0.721508759863946
0.721887214113477
0.724378486682162
0.724649580726653
0.726444795390909
0.726636597119407
0.72704707732642
0.727052705027628
0.728316592482433
0.729745094813291
0.732867093190574
0.732956257864424
0.73302815137829
0.734318046355769
0.734564009671191
0.735601028360806
0.735674324718167
0.735866952215668
0.737132992235515
0.737396019728938
0.73872553729279
0.740973893046514
0.74137923071871
0.74263406507515
0.746473148790295
0.746558978855944
0.747462484926916
0.747766714460516
0.749819588023114
0.750315171538718
0.751078239690191
0.753047795470607
0.754132053788212
0.75477831783833
0.754886739526329
0.755240127761143
0.755788358484445
0.755916299092223
0.756239964694005
0.75670711100847
0.757378437936939
0.760407380141838
0.764532533701974
0.764847602613875
0.765777618658367
0.766621010068593
0.767062775375755
0.768991244252208
0.770203105369881
0.770406770582166
0.770838105069104
0.770853690954451
0.775092462383619
0.776226532435944
0.776721858705582
0.778263410806925
0.780448723411866
0.780451467919348
0.781168485532563
0.781371611129905
0.781577594481838
0.786239162724872
0.78678748641691
0.788654599007211
0.789681190979001
0.790568107296024
0.790818318669093
0.793471165202842
0.794421958645988
0.794680151524623
0.798131905650304
0.798584829809039
0.800528183547252
0.801986998315007
0.802894168957269
0.803317536424369
0.804370159981588
0.80635010064009
0.806535295513756
0.806785563474894
0.808517329442323
0.809143920342603
0.809386719699855
0.809467851030254
0.811087906987045
0.811240495533337
0.811724608254333
0.812647121972436
0.813239004286965
0.81342782233096
0.813937155715693
0.816807598821023
0.819748836928616
0.824214454801028
0.825588181647655
0.827184957365252
0.830191324249065
0.831926739245846
0.833133478940823
0.833216997640221
0.834438972896327
0.835517406985548
0.836340082943007
0.837323527531579
0.837573564323414
0.839175915707084
0.83950552772145
0.839627290266816
0.84059824938176
0.842976164855974
0.845770035367303
0.846631682105851
0.846915813636341
0.849296732999313
0.849882013915914
0.850100194950047
0.850145095064964
0.851162454255939
0.854285309665331
0.855517492670268
0.85591734519686
0.856405094469794
0.858713693455438
0.858751161958306
0.858886846372109
0.859308968648317
0.861608578302611
0.862573935985589
0.864226194434665
0.865188771372222
0.866046402495927
0.866420891875053
0.866908200465066
0.867635726965761
0.868056890129519
0.868237648013171
0.869934576537073
0.873499718390315
0.873774059074275
0.875221543161349
0.876850552683924
0.878363095305673
0.878765181386821
0.878778869840555
0.879337767085715
0.879440289108987
0.880642240635541
0.881094603356108
0.882801184618121
0.882875663484013
0.885009806188873
0.8851324783009
0.886460966892349
0.887370884263692
0.887567600293682
0.888944892444405
0.889129522143983
0.889164375792993
0.889846909172753
0.890375505735181
0.892918639515179
0.894777596367986
0.895324157498301
0.896432288131729
0.897909394486267
0.898105159766589
0.898392109139372
0.898542452885141
0.899326313449108
0.89994207168031
0.899988526266744
0.901175201001094
0.901185911389303
0.903462196806601
0.90391410794313
0.905925355711085
0.905963535435001
0.906543853563411
0.907622959575515
0.907745530514401
0.907796268329432
0.908184936961038
0.908443403753697
0.909162547466722
0.910583202673837
0.911517096394352
0.911933627996488
0.916357520758887
0.916533902471985
0.917260576472985
0.917843584156828
0.919668214937263
0.922436567021681
0.923263763712819
0.925872115197356
0.927162031894477
0.928114419659705
0.928453063207105
0.929010480770079
0.92951531311323
0.930797409742689
0.930805861646429
0.93114031377737
0.933083300277745
0.934007909596121
0.935335626896814
0.937212475051988
0.938906493023578
0.939505943821165
0.942280382330942
0.943721366122923
0.944704775263415
0.944887540314379
0.945488185311893
0.946632840272614
0.947139520713283
0.948203005267354
0.948212802126686
0.948378427144725
0.948561032056541
0.948636796216985
0.949298100298562
0.952131881577039
0.953484043789836
0.954801338125716
0.955986595926392
0.957233637694336
0.957470032107664
0.95759964780861
0.957804057223823
0.957838496792305
0.957943658001929
0.958117951860473
0.960150290324612
0.960170367214226
0.963176591856179
0.965206557457499
0.965286332720116
0.965470697827573
0.96597323073087
0.966083910901187
0.966706481667066
0.967091628036649
0.967689896676679
0.969449942041158
0.969737888114042
0.971238688993851
0.971332582247973
0.976342430340628
0.977019222008519
0.977816213174232
0.978077704499823
0.97845467765189
0.978580274564253
0.979116857485295
0.979553190128487
0.983982777670181
0.984266385773871
0.984474169677807
0.985078281213134
0.98569390553885
0.988298461816357
0.988404493811648
0.988466216217557
0.989383172522275
0.990577475262529
0.99368100082515
0.993849305937873
0.99478191725156
0.99536802097668
0.996554220779922
0.997358055246589
0.997954783749874
0.998121999217647
0.999434527022134
1.00114473245688
1.00525839622394
1.00646866052088
1.0084826062177
1.0101022624356
1.01079906266675
1.01185786416177
1.01397557131591
1.01427637718458
1.01502721636985
1.01718233868594
1.01738860742238
1.01916145916816
1.02121743009502
1.02218888679254
1.02367662627937
1.0241627991621
1.02689265936772
1.02904313324234
1.02999798757774
1.03023484656139
1.03037038980584
1.03322583805828
1.03739201411998
1.03821420349222
1.03979728508283
1.04196672138304
1.04218156695053
1.0427504057815
1.04507369260481
1.04538407260277
1.04552491735402
1.04569265903001
1.04715388883771
1.04791944510699
1.05050746750122
1.05144665564548
1.0520368342185
1.0531096449474
1.05408562639543
1.0543042140785
1.05623646955134
1.05651893809933
1.05687039373382
1.05742149845129
1.05862905324906
1.05877085660515
1.05909948515528
1.06121078836506
1.06252083225649
1.06331368714048
1.06337963983157
1.06391228362079
1.06415650907742
1.06673129244861
1.06779181603189
1.06825333197972
1.06826049408248
1.06935464782095
1.07079344906246
1.07099485151112
1.07256137296314
1.07273058933538
1.07383385915461
1.07472404584745
1.07920121442302
1.08115530994447
1.08155107608086
1.08276839432771
1.08475224075259
1.08476090644354
1.08484029818488
1.08753059117993
1.08780882485541
1.08961045600723
1.08997684052904
1.09129605570278
1.09150195440315
1.09275909477485
1.09335929796075
1.09866581553045
1.09946214781077
1.09977811257564
1.1017486634581
1.104407411915
1.10482444785136
1.10520742642461
1.10866436116751
1.110793443489
1.11234388178124
1.11239153734012
1.11390910079731
1.11438581793129
1.11456643572148
1.11493314465963
1.11664188787685
1.11755199550867
1.11861492452144
1.12117025759029
1.12151117879852
1.12472904422593
1.12494459539383
1.12588173209742
1.12630154412003
1.12722514446414
1.12734405577752
1.12768798310328
1.12977052727326
1.13007531842447
1.13047750937014
1.13365582026007
1.13378015391079
1.13469932719905
1.1355144982457
1.13646490468076
1.13871727478499
1.13921621927415
1.1406723088856
1.14193426062593
1.14302868714532
1.14369889987276
1.14372385495691
1.14713855402005
1.14732650717696
1.14917440139648
1.14959711988688
1.14964220142975
1.15044915950018
1.15098824683653
1.15163678480701
1.15185650257243
1.1528936390677
1.15291331601632
1.15418892699189
1.16184561217653
1.16190500528924
1.16336066776379
1.16342665237153
1.16616093159115
1.16738354105968
1.16745245897783
1.16769359707634
1.16918779313704
1.17023697670417
1.17083688517643
1.17098729995471
1.17185687168176
1.17255408609168
1.17360361958066
1.17443001314878
1.17508753974214
1.17791678726097
1.17800374246328
1.17914296895794
1.17923686875923
1.17926049225699
1.17948298080149
1.18019091114087
1.18089236061106
1.18355958508827
1.18447161383657
1.18512378360395
1.1877395225252
1.1889510737607
1.1890339214004
1.18968051708542
1.19042635896827
1.19235608130084
1.19268366854489
1.19286932059553
1.1942681731435
1.19438131063235
1.19491866699992
1.19570868785924
1.19630736747502
1.19685493906017
1.19686311957892
1.19907069648877
1.2008517004741
1.20420533984901
1.20492887313104
1.20737689788541
1.20786542314364
1.20818085379418
1.20967207882147
1.209945256589
1.21221644944536
1.2132497271521
1.21485801465153
1.21608665403959
1.21651126385953
1.21727831243322
1.21812717140196
1.21973681523187
1.22594313962329
1.22831973310494
1.22856245964147
1.2304226424431
1.23056890176202
1.23166653952976
1.23426155629265
1.23799201080009
1.24088147132151
1.24643887565958
1.24768322748004
1.24860919875437
1.24888405779834
1.24974476110689
1.25207692355467
1.25501650000332
1.25504847706794
1.25582054737585
1.2562668981356
1.25674133941334
1.25806952275818
1.25885681675089
1.2599173344557
1.26020534274727
1.26189353724179
1.26215580710762
1.2637135516854
1.26379292944106
1.2639092891692
1.26411192121768
1.26454846007783
1.26525908856049
1.26720376141048
1.26787563894583
1.26832619148185
1.26876625894435
1.26891536517043
1.26898620584226
1.26965893662492
1.2700063169887
1.27018697881274
1.27108013567475
1.27218566519764
1.2725061071874
1.272995726315
1.27383069511269
1.27393558139482
1.27612254972355
1.27621253575634
1.27649664528127
1.27667953408526
1.27737438952908
1.27940499428609
1.2806744002867
1.28306889466134
1.28328509868722
1.28331344672089
1.28389824526552
1.28463641585606
1.2856573422021
1.28632627114617
1.28789034018244
1.28916231101055
1.29047527139006
1.29065194670705
1.29065217966918
1.29226525245403
1.29254383023208
1.29629694709134
1.29790998707359
1.3011788557921
1.30124609212704
1.30191162664089
1.30470145065944
1.30759049189359
1.31183761862711
1.31409774600463
1.31636534062794
1.31682541589811
1.31737265733539
1.31892202355918
1.31960327512943
1.32257372423384
1.32270642053196
1.32326755369358
1.32383449466918
1.32475752713896
1.32503339722353
1.32624032380445
1.32638902396184
1.32647475406674
1.32664954451258
1.3281945594933
1.33007159794066
1.33102495522202
1.33108498880727
1.33131535330708
1.33188950495988
1.33230818180231
1.33275710947922
1.33506137691846
1.33536600821737
1.3359042574967
1.33649940703856
1.33724077751988
1.33906987609405
1.33969587082884
1.34202944341584
1.34326489627103
1.34524697883616
1.34960838685681
1.35031871754186
1.35156686617099
1.35255128709401
1.35308295779621
1.35308548980247
1.35359183023886
1.3557923852862
1.35741473572039
1.36189670067401
1.36319121104479
1.36454127412271
1.36495215347578
1.36608178223433
1.36640098009448
1.36693796598547
1.37026526506399
1.3714929005648
1.37164433961393
1.37421668011117
1.375615094632
1.37940391800729
1.381748758635
1.3830109437982
1.38437632516564
1.38476409294911
1.38623065907858
1.3864284511337
1.38944161093572
1.39020612044736
1.39168030110329
1.39204890758217
1.39220266672975
1.39560876010248
1.39659846067906
1.39667908001066
1.39928362345419
1.40048917336428
1.40224579618987
1.40260917252246
1.40263980964686
1.4026655574168
1.40384567286012
1.40429887747926
1.40916546592624
1.40922458275053
1.4101040512199
1.41033546526006
1.41108151441451
1.4116546308215
1.41171591181075
1.41370630013299
1.41374713463431
1.41379530272641
1.41484500722432
1.41502961349897
1.41865904087365
1.41944920415301
1.42080500810085
1.42170790129939
1.42180234569885
1.42533035820782
1.42669092673065
1.42717671008533
1.42997817462802
1.43044077269582
1.43081655440786
1.43099708910562
1.43205214874764
1.43432032472338
1.43522688367498
1.43642822464435
1.43848638843867
1.43860053269001
1.43863781662739
1.44106936312131
1.44151447732835
1.44272601557706
1.44600190873195
1.44809273939467
1.4481588727114
1.44823715521014
1.4484293883612
1.44964787943943
1.45023045782959
1.45188677184068
1.45354659986845
1.45402471690537
1.45484269003515
1.45581548442557
1.45632614049973
1.45709104873347
1.45805000022599
1.45939932234034
1.46200595752245
1.46353676928395
1.46372533922821
1.46378784989213
1.46733792461012
1.46900719581728
1.46906349911098
1.47012461956381
1.47024551719308
1.47077567950573
1.47235187031273
1.47472046403262
1.47527074146123
1.47783767967531
1.48066874260229
1.48081567198899
1.48253961387438
1.48405481307678
1.48405533475599
1.48509780909716
1.4851438781078
1.48576276206953
1.4887933519397
1.48923690719602
1.49001763086534
1.4929051459943
1.49473652950374
1.4965962974505
1.49722097078224
1.49823339004239
1.49871381709784
1.49909599800395
1.50014056862987
1.50146972296832
1.50222510374323
1.50352844171562
1.50407222864058
1.50671882992908
1.5080143414997
1.50854191553604
1.50928941625287
1.50998167319483
1.51008726738719
1.51168053493379
1.51223741858828
1.51427072909169
1.51465745499213
1.51514220104314
1.51611654677251
1.51772358003298
1.51821545478038
1.52086941170456
1.5223913551565
1.52239516185982
1.52297220601304
1.52476218001012
1.52505614506327
1.52743911293244
1.53066193225619
1.53239257555475
1.53429521225875
1.5382241041683
1.54339912035382
1.54587203634496
1.54626161862856
1.54673857782322
1.55084760256672
1.55145295086588
1.55552565744575
1.55778982072299
1.5580121440914
1.55873718869885
1.55899424568177
1.56182019680862
1.56186848135568
1.56329449959119
1.56443507325036
1.56529907250978
1.5667446043931
1.56748879185633
1.56756931517687
1.56801487630765
1.56982854696199
1.57388363481404
1.57708831087927
1.57719833775287
1.58241595182327
1.58467076011838
1.58637978968002
1.5866269846565
1.58845285862228
1.58997259739584
1.59330122584106
1.59352339366964
1.59445064512398
1.5961508826779
1.59731018998867
1.597893791312
1.60074068828753
1.60160454472515
1.60597843174205
1.60650433348657
1.6065899881345
1.60725145937153
1.60856674510585
1.61229322579628
1.61777626175972
1.62130491042438
1.62531901307024
1.62929117929226
1.63110088723311
1.63143829268864
1.63272985321145
1.63489597376055
1.63510793216739
1.63554201472427
1.63681464145426
1.63691810236879
1.64091377640921
1.64225745043544
1.6436809917236
1.6460660579999
1.64654653060569
1.64857898540947
1.64884138354106
1.65423903135768
1.65436720889248
1.65802483887782
1.6599262835677
1.65996481065258
1.66091094588387
1.66652093683236
1.6684578875106
1.66998616849993
1.67430460444405
1.67470731915272
1.67580790838894
1.67687261828282
1.68155700049586
1.68193344686863
1.68648534850193
1.69185290573727
1.69215764213682
1.69231394336338
1.69389898771086
1.69681587112458
1.69740231040122
1.70058127239534
1.70246013423869
1.70700105569024
1.70898553184928
1.71155515076122
1.7140088838738
1.71700403027602
1.71777837889191
1.71894376685372
1.71931327869873
1.72101652451589
1.72464974833609
1.73057592350804
1.73233383284599
1.73411775894806
1.73573493509748
1.73848715130744
1.74313516609846
1.74847260362956
1.74915533016362
1.7506971085727
1.75084355956245
1.75133143186261
1.75750756390937
1.75795307213108
1.75908217124949
1.76120884001924
1.76122906543182
1.76631941460732
1.76867660856581
1.77051698980381
1.77061171631818
1.77134716708758
1.77267139128065
1.77476592897927
1.77531071774574
1.7759156726248
1.77678285811403
1.77873516571858
1.77973692479447
1.78006623406534
1.78175471100549
1.78340821591437
1.78551574199387
1.78622786258612
1.78972728140109
1.79323381020199
1.79359103276205
1.79397836656923
1.79407103996915
1.79496282358446
1.79655317875935
1.79946294804722
1.80039546473653
1.80244172452257
1.8030909481663
1.80552627696706
1.80777936126819
1.80890958320294
1.80902572519833
1.81198805801247
1.81354094054881
1.81406298662282
1.81832868164075
1.81969908124119
1.82206960989792
1.82343110279629
1.8238973140134
1.82409639292851
1.82709046582838
1.82903716510906
1.83271078389333
1.83375975376922
1.83597018679768
1.8366050742236
1.83685162279058
1.8385984106842
1.83960947751967
1.8418803308629
1.84245740473076
1.84916718977697
1.85254808766615
1.85400084369619
1.85539290541221
1.85886394884274
1.86059580624312
1.86118998682413
1.86207542361723
1.86321978468651
1.86529457045407
1.86571460197913
1.86700091552819
1.86705135284262
1.86856645516415
1.87065382365397
1.87222188090512
1.87317527566121
1.87519224408116
1.8752250708506
1.87897975622354
1.88178717299782
1.88483722573649
1.88508242667637
1.88585226246046
1.88602822373762
1.88750455779882
1.88796904995916
1.88959374187491
1.89117482350655
1.89453930308601
1.89607779642822
1.89993461329157
1.90915225644386
1.9104847362907
1.91339290937948
1.91375304660228
1.91538703845035
1.91785104005777
1.91984195153307
1.92179881127763
1.92417587574976
1.92695049530756
1.92975463184299
1.93059004065638
1.9349855124832
1.93674808768908
1.94060291371237
1.94088895603053
1.94174371862945
1.94277867646003
1.94461147809918
1.94895970838372
1.94975256747401
1.95056801542818
1.95407857082931
1.95423467255724
1.95626347527883
1.95644776891708
1.95847944475906
1.95943557157577
1.96195501182922
1.96296008913444
1.96338279525325
1.96575597794195
1.97419554183043
1.98179211827731
1.98402631151549
1.98528448215394
1.98635105027459
1.98855159956674
1.98977280719375
1.99325016501928
1.99375891143921
1.99814716550696
1.99957268614007
1.99989829063995
2.0027059291278
2.00403495764861
2.0041413240718
2.00433121357234
2.00508545613288
2.00615635633955
2.00624284272699
2.01021968867625
2.02100597614507
2.02251353555582
2.02496436692692
2.02515493155436
2.02911839348747
2.02913537258924
2.03696367475366
2.03820626660203
2.0411421793566
2.04287967172353
2.04416420340516
2.05244297305177
2.05319914913439
2.05429377780389
2.05769275141617
2.0577894023006
2.05946839357436
2.06393581113403
2.06476129435433
2.06669572482622
2.0680516928374
2.06815683043775
2.06863901224092
2.06995771756754
2.07105716208799
2.07118359448503
2.07173802045918
2.07340967774097
2.07755962826784
2.07777880120346
2.07791797689614
2.07814988793915
2.08007923747369
2.08157980766006
2.08321545629064
2.08494698172023
2.08551392413111
2.08562858755646
2.08861078566608
2.08998135972167
2.09395588617244
2.09486374510494
2.10027730722896
2.10088977558779
2.10865633720017
2.11057827218197
2.11293705253286
2.11439080975761
2.11562861222069
2.11643567378409
2.11868440462506
2.12350969377181
2.12505920533146
2.12588039031081
2.12979444612978
2.13365963301033
2.13763127273051
2.13934796853929
2.13936947298565
2.13964484563693
2.14453801896803
2.14513440048024
2.14579000887522
2.14788431649589
2.16460315400532
2.16606092508022
2.1685126878158
2.17168110354689
2.17190184837695
2.17418677928839
2.17620380359276
2.18392930494467
2.18459092689979
2.18569215635941
2.18587450606857
2.19533369219236
2.2044570480152
2.20576637531777
2.2095712837302
2.21288132148326
2.21516682673088
2.21915240666905
2.22147176394169
2.22257706135622
2.23025523158588
2.23055854027391
2.23350794753987
2.23978505254932
2.24404553684436
2.25459335099573
2.25647612825401
2.26579814345505
2.26650815246739
2.26885105655076
2.27312647767821
2.27453224764589
2.27809570180773
2.27914778562889
2.27957008147685
2.28452246626736
2.29507256067532
2.2997656296859
2.30387139703174
2.31228955674364
2.31574772670778
2.32388892067276
2.32588538650505
2.32623611163305
2.33113180475678
2.33162480801033
2.33382051853712
2.33524613090697
2.33767077557649
2.33858097362817
2.34316295458248
2.34638331548695
2.35245805036487
2.35410569141223
2.35597757732744
2.35668641173987
2.36060424364957
2.36257116560426
2.36263686021936
2.36662703246912
2.37253859884348
2.38195691784465
2.38312578947026
2.38435404460263
2.38945448500597
2.3902984954052
2.39232177066723
2.39651991247029
2.39975278717253
2.40258103435006
2.40359702981026
2.41061406488324
2.41114106260315
2.41188633789065
2.41558848555635
2.42003494679098
2.42039596499674
2.42703417467129
2.42847925516986
2.4316590407245
2.43374907184122
2.4392040593442
2.4403706056011
2.44248985313825
2.44252681083448
2.44252998975929
2.44420600697127
2.445537803107
2.4466102274711
2.44870473461117
2.4537433769256
2.45486387662525
2.45882188768502
2.46095510399637
2.47138270861074
2.47153814308679
2.47506285183338
2.47512966099476
2.47611809324865
2.47629641975125
2.47712995925445
2.47982222772056
2.48308956762099
2.48355675400051
2.48704304453328
2.48724297534013
2.48782677220147
2.4884899435609
2.4902623963598
2.4941079000168
2.49914491167086
2.49981181243511
2.50074660557935
2.50119955796626
2.50394107175981
2.52526366434232
2.52701628426934
2.53357674309434
2.53417899207246
2.53637964769079
2.53960949696568
2.54229336915715
2.54457608193412
2.54852620350512
2.55548681540267
2.55645103504504
2.55958187166884
2.56131376700802
2.56871205086878
2.57052370712359
2.57090657268321
2.58028391944503
2.58523534722162
2.6069925374757
2.60783420254921
2.60847350179396
2.6199998541323
2.62222628653545
2.63247119124048
2.63366589258456
2.63599431992509
2.6368131976567
2.63710741775571
2.64618407957274
2.65070016072051
2.65183440296802
2.65701901780482
2.65937547648236
2.67014585082912
2.67076405756598
2.6763841235927
2.68544647828405
2.6973169916898
2.6996960848337
2.70081153350462
2.70253565405341
2.71011072730606
2.72251989230502
2.7241910805252
2.72423718533365
2.72898998370341
2.729294346679
2.72998320639657
2.73282985021626
2.73717426823713
2.74099931807462
2.74334227058101
2.74471805850514
2.75445481110969
2.76838638320378
2.77590125444795
2.7816724160579
2.78567124540701
2.80270260352572
2.81282636820582
2.81691755611581
2.82470100827823
2.82816008528536
2.83711621389969
2.83858402367488
2.839286778335
2.84864414311873
2.84985989441707
2.86018691396357
2.86596147585687
2.89193803395833
2.89377580877619
2.90078456405238
2.90669968490919
2.91054430396873
2.91173065192249
2.91943783261743
2.93603038730822
2.94045722955839
2.94691541475566
2.9486245116929
2.96108436087516
2.97620365559392
2.97935974880496
2.97942427050592
2.98963014095198
2.99103183089696
3.01247793164604
3.01641050917243
3.03499196622913
3.04505797259012
3.04608100093042
3.05141002872436
3.07501914996632
3.08366783569675
3.08380967260061
3.08527351277326
3.09397330054683
3.09519202600855
3.10300404811079
3.10465913830906
3.10545463407796
3.11510522770443
3.13367986309633
3.13516680605295
3.14581473536445
3.1506589735845
3.15930277810457
3.17653905739526
3.1796347978735
3.1838628142793
3.18953291077208
3.20750384461227
3.2153260589562
3.22302043947029
3.24375801797684
3.24557509290931
3.26219239892057
3.2626159363393
3.26405532181631
3.27455568415634
3.28909101952616
3.29816816727384
3.30142493042562
3.31679255941171
3.31840574650698
3.33593763058334
3.33699367045104
3.35034089575565
3.35524964087869
3.36012391676667
3.38997687795605
3.40198405307279
3.40882325581124
3.41157164855554
3.42235807698367
3.4229271478464
3.42904771406841
3.45405157907046
3.45618232309442
3.45642619958299
3.4653945896607
3.46786357831163
3.47977326003269
3.48516453260244
3.48966165453055
3.50313733692974
3.521861606643
3.5246384505539
3.53418765314581
3.54349371131509
3.55529667312613
3.55718436323778
3.5868775735179
3.6099191080285
3.61750373941332
3.63808784334843
3.65086039860831
3.6635888877086
3.67372794706462
3.71126623995526
3.72184071782403
3.72310821425104
3.74879201145329
3.75590012453408
3.76281424079922
3.78295491149577
3.80417646462619
3.81544116010947
3.82830419551963
3.85366369068679
3.93936555903012
3.98963209605818
3.99717764132183
4.00509204236413
4.00582871202386
4.00605126819237
4.06693050961798
4.08226877785091
4.089543755158
4.09838773730258
4.10933758166393
4.11202057821547
4.12263968812492
4.12304063342059
4.13842148344114
4.17162212122928
4.18025065561438
4.22778383156156
4.26809267511216
4.3001924073524
4.33772941253696
4.38692646716189
4.39734708454606
4.40087023363138
4.42788427727792
4.43660695065339
4.46645695841953
4.49773131617211
4.51890613838102
4.51980426193632
4.58857048506954
4.6358837622414
4.75393749619434
4.85938920333025
5.07610611408506
5.11678623770123
5.25040301977123
5.62342579774594
5.64100868899307
5.84660096853661
6.2129176770015
